228 1 0
223 1 1
67 1 2
31 1 3
159 1 4
201 1 5
170 1 6
129 1 7
137 1 8
18 1 9
210 1 10
45 1 11
157 1 12
-1 0 13
39 1 14
74 1 15
198 1 16
229 1 17
108 1 18
53 1 19
59 1 20
84 1 21
203 1 22
36 1 23
29 1 24
113 1 25
26 1 26
103 1 27
168 1 28
24 1 29
226 1 30
132 1 31
184 1 32
78 1 33
181 1 34
188 1 35
89 1 36
232 1 37
174 1 38
235 1 39
57 1 40
107 1 41
48 1 42
156 1 43
212 1 44
162 1 45
233 1 46
10 1 47
176 1 48
121 1 49
118 1 50
173 1 51
141 1 52
207 1 53
122 1 54
-1 0 55
22 1 56
130 1 57
96 1 58
126 1 59
124 1 60
46 1 61
82 1 62
218 1 63
178 1 64
187 1 65
0 1 66
240 1 67
160 1 68
38 1 69
73 1 70
9 1 71
21 1 72
241 1 73
-1 0 74
55 1 75
88 1 76
142 1 77
158 1 78
65 1 79
222 1 80
152 1 81
147 1 82
35 1 83
204 1 84
94 1 85
221 1 86
44 1 87
11 1 88
206 1 89
140 1 90
80 1 91
214 1 92
154 1 93
131 1 94
6 1 95
150 1 96
205 1 97
-1 0 98
236 1 99
-1 0 100
143 1 101
192 1 102
95 1 103
166 1 104
105 1 105
112 1 106
61 1 107
172 1 108
13 1 109
136 1 110
109 1 111
5 1 112
64 1 113
144 1 114
193 1 115
161 1 116
2 1 117
230 1 118
63 1 119
-1 0 120
242 1 121
91 1 122
47 1 123
-1 0 124
194 1 125
27 1 126
37 1 127
16 1 128
209 1 129
50 1 130
237 1 131
164 1 132
238 1 133
-1 0 134
70 1 135
104 1 136
155 1 137
219 1 138
171 1 139
-1 0 140
213 1 141
56 1 142
139 1 143
71 1 144
-1 0 145
83 1 146
114 1 147
145 1 148
79 1 149
-1 0 150
183 1 151
15 1 152
217 1 153
169 1 154
149 1 155
4 1 156
-1 0 157
153 1 158
32 1 159
34 1 160
97 1 161
163 1 162
151 1 163
180 1 164
42 1 165
81 1 166
76 1 167
68 1 168
115 1 169
49 1 170
224 1 171
208 1 172
175 1 173
43 1 174
51 1 175
191 1 176
179 1 177
30 1 178
199 1 179
195 1 180
196 1 181
216 1 182
77 1 183
116 1 184
125 1 185
220 1 186
100 1 187
69 1 188
7 1 189
128 1 190
197 1 191
33 1 192
177 1 193
123 1 194
231 1 195
54 1 196
72 1 197
102 1 198
167 1 199
127 1 200
62 1 201
106 1 202
99 1 203
182 1 204
117 1 205
186 1 206
134 1 207
138 1 208
3 1 209
211 1 210
202 1 211
75 1 212
190 1 213
14 1 214
20 1 215
227 1 216
234 1 217
135 1 218
98 1 219
200 1 220
52 1 221
146 1 222
120 1 223
148 1 224
239 1 225
12 1 226
133 1 227
60 1 228
215 1 229
58 1 230
40 1 231
101 1 232
185 1 233
41 1 234
225 1 235
28 1 236
92 1 237
23 1 238
165 1 239
90 1 240
87 1 241
243 1 242
93 1 243
1 1 244
111 1 245
86 1 246
66 1 247
110 1 248
85 1 249
17 1 250
19 1 251
25 1 252
8 1 253
189 1 254
119 1 255
